20
0 0.166667 0 0.5 0.25 0.0625 0.188775 0.353553 0.707107 4.80622e-06 0.353553 0 0 0.1 0.353553 0 0.353553 0.025 0.707107 0.166667
0.166667 0 0.125 0.125 0.25 0.0625 0.529732 0.353553 0.176777 6.40829e-06 0.353553 0.707107 0.707107 0.25 0 0 0.176777 0.0416667 0.707107 0.125
0 0.125 0 0.125 0 0 0.117984 0.176777 0 0.000153799 0.176777 0 0.0294628 0 0.707107 0.353553 0.176777 1 0.176777 0.125
0.5 0.125 0.125 0 0.5 0.0833333 0.235969 0.235702 0.707107 1.28166e-05 0.176777 0.235702 0.176777 0.25 0.176777 0.707107 0.176777 0.0625 0.353553 0.5
0.25 0.25 0 0.5 0 0.125 0.235969 0.707107 0.707107 7.68995e-05 0 0.353553 0 0.2 0 0 0.707107 0.25 0.353553 0.5
0.0625 0.0625 0 0.0833333 0.125 0 0.0471937 0.176777 0.353553 5.12663e-05 0.176777 0.176777 0 0.0714286 0 0 0.176777 0.25 0.176777 0.125
0.188775 0.529732 0.117984 0.235969 0.235969 0.0471937 0 0.133484 0 1.20972e-05 0.133484 0.749154 0.374577 0.117984 0.33371 0.66742 0.33371 0.0786562 0.749154 0.943874
0.353553 0.353553 0.176777 0.235702 0.707107 0.176777 0.133484 0 0 5.43761e-05 0.2 0.25 0.25 0.235702 0.25 0.5 0.5 0.176777 0.25 0.353553
0.707107 0.176777 0 0.707107 0.707107 0.353553 0 0 0 5.43761e-05 0 0 0 0.707107 0 0 1 0.176777 0.5 0.353553
4.80622e-06 6.40829e-06 0.000153799 1.28166e-05 7.68995e-05 5.12663e-05 1.20972e-05 5.43761e-05 5.43761e-05 0 1.81254e-05 0 1.3594e-05 3.84497e-05 0 0 2.71881e-05 2.19713e-05 2.71881e-05 6.40829e-06
0.353553 0.353553 0.176777 0.176777 0 0.176777 0.133484 0.2 0 1.81254e-05 0 0.5 0.25 0.707107 0.5 1 0.5 0.176777 0.5 0.707107
0 0.707107 0 0.235702 0.353553 0.176777 0.749154 0.25 0 0 0.5 0 0.5 0.176777 0.25 0.5 0 0.0883883 1 0
0 0.707107 0.0294628 0.176777 0 0 0.374577 0.25 0 1.3594e-05 0.25 0.5 0 0 0 0.25 0.25 0.0883883 0 0.353553
0.1 0.25 0 0.25 0.2 0.0714286 0.117984 0.235702 0.707107 3.84497e-05 0.707107 0.176777 0 0 0.707107 0 0.707107 0.1 0.353553 0.125
0.353553 0 0.707107 0.176777 0 0 0.33371 0.25 0 0 0.5 0.25 0 0.707107 0 0.25 0.125 0.353553 0.0833333 0.353553
0 0 0.353553 0.707107 0 0 0.66742 0.5 0 0 1 0.5 0.25 0 0.25 0 0.5 0 0.166667 0
0.353553 0.176777 0.176777 0.176777 0.707107 0.176777 0.33371 0.5 1 2.71881e-05 0.5 0 0.25 0.707107 0.125 0.5 0 0.117851 0.125 0.353553
0.025 0.0416667 1 0.0625 0.25 0.25 0.0786562 0.176777 0.176777 2.19713e-05 0.176777 0.0883883 0.0883883 0.1 0.353553 0 0.117851 0 0.176777 0.0357143
0.707107 0.707107 0.176777 0.353553 0.353553 0.176777 0.749154 0.25 0.5 2.71881e-05 0.5 1 0 0.353553 0.0833333 0.166667 0.125 0.176777 0 0.707107
0.166667 0.125 0.125 0.5 0.5 0.125 0.943874 0.353553 0.353553 6.40829e-06 0.707107 0 0.353553 0.125 0.353553 0 0.353553 0.0357143 0.707107 0